((0,0),62.0)
((0,1),23.0)
((0,10),12.0)
((0,11),79.0)
((0,12),-89.0)
((0,13),-126.0)
((0,14),0.0)
((0,15),-31.0)
((0,16),182.0)
((0,17),-25.0)
((0,18),175.0)
((0,19),-108.0)
((0,2),1.0)
((0,3),-113.0)
((0,4),34.0)
((0,5),-161.0)
((0,6),-17.0)
((0,7),65.0)
((0,8),-49.0)
((0,9),36.0)
((1,0),-83.0)
((1,1),56.0)
((1,10),70.0)
((1,11),52.0)
((1,12),26.0)
((1,13),39.0)
((1,14),-14.0)
((1,15),-11.0)
((1,16),-153.0)
((1,17),51.0)
((1,18),-74.0)
((1,19),38.0)
((1,2),-2.0)
((1,3),35.0)
((1,4),-147.0)
((1,5),12.0)
((1,6),-146.0)
((1,7),-75.0)
((1,8),47.0)
((1,9),-141.0)
((10,0),-60.0)
((10,1),-18.0)
((10,10),-104.0)
((10,11),64.0)
((10,12),67.0)
((10,13),84.0)
((10,14),41.0)
((10,15),-59.0)
((10,16),33.0)
((10,17),-33.0)
((10,18),66.0)
((10,19),-20.0)
((10,2),192.0)
((10,3),21.0)
((10,4),15.0)
((10,5),160.0)
((10,6),-33.0)
((10,7),35.0)
((10,8),66.0)
((10,9),42.0)
((11,0),52.0)
((11,1),72.0)
((11,10),110.0)
((11,11),50.0)
((11,12),38.0)
((11,13),133.0)
((11,14),54.0)
((11,15),114.0)
((11,16),37.0)
((11,17),27.0)
((11,18),75.0)
((11,2),-20.0)
((11,3),-24.0)
((11,4),-160.0)
((11,5),-9.0)
((11,6),62.0)
((11,7),-45.0)
((11,8),-25.0)
((11,9),-98.0)
((12,0),20.0)
((12,1),94.0)
((12,10),9.0)
((12,11),25.0)
((12,12),34.0)
((12,13),-30.0)
((12,14),-2.0)
((12,15),-39.0)
((12,16),60.0)
((12,17),-19.0)
((12,18),3.0)
((12,19),-57.0)
((12,2),-132.0)
((12,3),-18.0)
((12,4),-15.0)
((12,5),-51.0)
((12,6),24.0)
((12,7),15.0)
((12,8),0.0)
((12,9),22.0)
((13,0),2.0)
((13,1),37.0)
((13,10),167.0)
((13,11),48.0)
((13,12),42.0)
((13,13),22.0)
((13,14),45.0)
((13,15),-44.0)
((13,16),9.0)
((13,17),156.0)
((13,18),-105.0)
((13,19),3.0)
((13,2),26.0)
((13,3),17.0)
((13,4),61.0)
((13,5),-37.0)
((13,6),12.0)
((13,7),-46.0)
((13,8),-50.0)
((13,9),-108.0)
((14,0),-67.0)
((14,1),-80.0)
((14,10),43.0)
((14,11),-18.0)
((14,12),55.0)
((14,13),-43.0)
((14,14),-94.0)
((14,15),-4.0)
((14,16),115.0)
((14,17),-113.0)
((14,18),-168.0)
((14,19),7.0)
((14,2),-38.0)
((14,3),84.0)
((14,4),35.0)
((14,5),93.0)
((14,6),187.0)
((14,7),36.0)
((14,8),-75.0)
((14,9),180.0)
((15,0),8.0)
((15,1),20.0)
((15,10),-49.0)
((15,11),27.0)
((15,12),40.0)
((15,13),71.0)
((15,14),-23.0)
((15,15),16.0)
((15,16),-74.0)
((15,17),-55.0)
((15,18),157.0)
((15,19),19.0)
((15,2),9.0)
((15,3),85.0)
((15,4),-7.0)
((15,5),-41.0)
((15,7),40.0)
((15,8),49.0)
((15,9),-42.0)
((16,0),-9.0)
((16,1),-68.0)
((16,10),-27.0)
((16,11),-105.0)
((16,12),-35.0)
((16,13),30.0)
((16,14),7.0)
((16,15),65.0)
((16,16),-108.0)
((16,17),-70.0)
((16,18),73.0)
((16,19),47.0)
((16,2),96.0)
((16,3),109.0)
((16,4),213.0)
((16,5),23.0)
((16,6),24.0)
((16,7),-60.0)
((16,8),-17.0)
((16,9),-59.0)
((17,0),88.0)
((17,1),-60.0)
((17,10),31.0)
((17,11),-6.0)
((17,12),-100.0)
((17,13),-342.0)
((17,14),-99.0)
((17,15),-4.0)
((17,16),138.0)
((17,17),0.0)
((17,18),-77.0)
((17,19),-47.0)
((17,2),-162.0)
((17,3),-202.0)
((17,4),-87.0)
((17,5),-42.0)
((17,6),76.0)
((17,7),33.0)
((17,8),-211.0)
((17,9),63.0)
((18,0),-100.0)
((18,1),27.0)
((18,10),-40.0)
((18,11),33.0)
((18,12),1.0)
((18,13),-40.0)
((18,14),-16.0)
((18,15),-165.0)
((18,16),-100.0)
((18,17),12.0)
((18,18),-119.0)
((18,19),65.0)
((18,2),77.0)
((18,3),16.0)
((18,4),140.0)
((18,5),-83.0)
((18,6),9.0)
((18,7),48.0)
((18,8),-6.0)
((18,9),102.0)
((19,0),0.0)
((19,1),23.0)
((19,10),-31.0)
((19,11),-60.0)
((19,12),-48.0)
((19,13),-18.0)
((19,15),-99.0)
((19,16),-152.0)
((19,17),111.0)
((19,18),-79.0)
((19,19),55.0)
((19,2),88.0)
((19,3),-3.0)
((19,4),168.0)
((19,5),-54.0)
((19,6),-68.0)
((19,7),43.0)
((19,8),23.0)
((19,9),-8.0)
((2,0),-36.0)
((2,1),78.0)
((2,10),217.0)
((2,11),194.0)
((2,12),-42.0)
((2,13),-41.0)
((2,14),61.0)
((2,15),-123.0)
((2,16),-172.0)
((2,17),-4.0)
((2,18),1.0)
((2,19),45.0)
((2,2),203.0)
((2,3),-108.0)
((2,4),-18.0)
((2,5),-43.0)
((2,6),-50.0)
((2,7),-60.0)
((2,8),78.0)
((2,9),-107.0)
((3,0),1.0)
((3,1),140.0)
((3,10),-51.0)
((3,11),28.0)
((3,12),43.0)
((3,13),-25.0)
((3,15),-87.0)
((3,16),72.0)
((3,17),105.0)
((3,18),35.0)
((3,19),-57.0)
((3,2),13.0)
((3,3),-57.0)
((3,4),63.0)
((3,5),34.0)
((3,6),-35.0)
((3,7),48.0)
((3,8),141.0)
((3,9),114.0)
((4,0),-60.0)
((4,1),-70.0)
((4,10),52.0)
((4,11),107.0)
((4,12),67.0)
((4,13),15.0)
((4,14),-43.0)
((4,15),-86.0)
((4,16),-125.0)
((4,17),-108.0)
((4,18),-28.0)
((4,19),72.0)
((4,2),135.0)
((4,3),35.0)
((4,4),-138.0)
((4,5),-57.0)
((4,6),-50.0)
((4,7),57.0)
((4,8),69.0)
((4,9),0.0)
((5,0),53.0)
((5,1),-14.0)
((5,10),-16.0)
((5,11),-118.0)
((5,12),-22.0)
((5,13),61.0)
((5,14),-4.0)
((5,15),69.0)
((5,16),-102.0)
((5,17),13.0)
((5,18),70.0)
((5,19),33.0)
((5,2),67.0)
((5,3),-17.0)
((5,4),-29.0)
((5,5),-22.0)
((5,6),-132.0)
((5,7),13.0)
((5,8),134.0)
((5,9),38.0)
((6,0),29.0)
((6,1),95.0)
((6,10),-216.0)
((6,11),-220.0)
((6,12),-143.0)
((6,13),-6.0)
((6,14),-63.0)
((6,15),211.0)
((6,16),-32.0)
((6,17),-100.0)
((6,18),209.0)
((6,19),25.0)
((6,2),-66.0)
((6,3),0.0)
((6,4),62.0)
((6,5),154.0)
((6,6),123.0)
((6,7),-4.0)
((6,8),33.0)
((6,9),188.0)
((7,0),-129.0)
((7,1),-113.0)
((7,10),45.0)
((7,11),170.0)
((7,12),-84.0)
((7,13),-56.0)
((7,14),-13.0)
((7,15),-199.0)
((7,16),-21.0)
((7,17),106.0)
((7,18),-295.0)
((7,19),20.0)
((7,2),1.0)
((7,3),-60.0)
((7,4),50.0)
((7,5),-178.0)
((7,6),-138.0)
((7,7),-32.0)
((7,8),-93.0)
((7,9),-74.0)
((8,0),34.0)
((8,1),77.0)
((8,10),184.0)
((8,11),-45.0)
((8,12),-64.0)
((8,13),79.0)
((8,14),-23.0)
((8,15),145.0)
((8,16),-98.0)
((8,17),-6.0)
((8,18),43.0)
((8,19),9.0)
((8,2),-77.0)
((8,3),10.0)
((8,4),-38.0)
((8,5),-288.0)
((8,6),-54.0)
((8,7),-82.0)
((8,8),29.0)
((8,9),-62.0)
((9,0),30.0)
((9,1),10.0)
((9,10),-4.0)
((9,11),-26.0)
((9,12),-12.0)
((9,13),-116.0)
((9,14),-11.0)
((9,15),-95.0)
((9,16),-97.0)
((9,17),-28.0)
((9,18),-46.0)
((9,19),49.0)
((9,2),-94.0)
((9,3),-48.0)
((9,4),-10.0)
((9,5),51.0)
((9,6),21.0)
((9,7),37.0)
((9,8),-87.0)
((9,9),-87.0)